image_width: 1280
image_height: 720
camera_name: narrow_stereo
camera_matrix:
  rows: 3
  cols: 3
  data: [785.416815, 0.000000, 622.484483, 0.000000, 786.399920, 366.457527, 0.000000, 0.000000, 1.000000]
distortion_model: plumb_bob
distortion_coefficients:
  rows: 1
  cols: 5
  data: [0.078826, -0.144056, 0.003563, -0.001775, 0.000000]
rectification_matrix:
  rows: 3
  cols: 3
  data: [1.000000, 0.000000, 0.000000, 0.000000, 1.000000, 0.000000, 0.000000, 0.000000, 1.000000]
projection_matrix:
  rows: 3
  cols: 4
  data: [773.927673, 0.000000, 615.625036, 0.000000, 0.000000, 795.541443, 368.463052, 0.000000, 0.000000, 0.000000, 1.000000, 0.000000]
