# oST version 5.0 parameters


[image]

width
1280

height
720

[narrow_stereo]

camera matrix
774.116714 0.000000 617.112110
0.000000 773.780319 373.955934
0.000000 0.000000 1.000000

distortion
0.084089 -0.149680 0.000593 -0.000121 0.000000

rectification
1.000000 0.000000 0.000000
0.000000 1.000000 0.000000
0.000000 0.000000 1.000000

projection
761.323669 0.000000 611.725971 0.000000
0.000000 782.793945 374.235053 0.000000
0.000000 0.000000 1.000000 0.000000

