image_width: 1280
image_height: 720
camera_name: narrow_stereo
camera_matrix:
  rows: 3
  cols: 3
  data: [774.116714, 0.000000, 617.112110, 0.000000, 773.780319, 373.955934, 0.000000, 0.000000, 1.000000]
distortion_model: plumb_bob
distortion_coefficients:
  rows: 1
  cols: 5
  data: [0.084089, -0.149680, 0.000593, -0.000121, 0.000000]
rectification_matrix:
  rows: 3
  cols: 3
  data: [1.000000, 0.000000, 0.000000, 0.000000, 1.000000, 0.000000, 0.000000, 0.000000, 1.000000]
projection_matrix:
  rows: 3
  cols: 4
  data: [761.323669, 0.000000, 611.725971, 0.000000, 0.000000, 782.793945, 374.235053, 0.000000, 0.000000, 0.000000, 1.000000, 0.000000]
