# oST version 5.0 parameters


[image]

width
1280

height
720

[narrow_stereo]

camera matrix
785.416815 0.000000 622.484483
0.000000 786.399920 366.457527
0.000000 0.000000 1.000000

distortion
0.078826 -0.144056 0.003563 -0.001775 0.000000

rectification
1.000000 0.000000 0.000000
0.000000 1.000000 0.000000
0.000000 0.000000 1.000000

projection
773.927673 0.000000 615.625036 0.000000
0.000000 795.541443 368.463052 0.000000
0.000000 0.000000 1.000000 0.000000

